(162,817,812)(425,690,689)316.902
(162,817,812)(431,825,988)321.56
(906,360,560)(805,96,715)322.369
(431,825,988)(425,690,689)328.119
(862,61,35)(984,92,344)333.656
(52,470,668)(117,168,530)338.339
(819,987,18)(941,993,340)344.389
(906,360,560)(739,650,466)347.599
(346,949,466)(425,690,689)350.786
(906,360,560)(984,92,344)352.936
(592,479,940)(425,690,689)367.982
(352,342,300)(542,29,236)371.706
(352,342,300)(117,168,530)372.023
(352,342,300)(466,668,158)373.411
(542,29,236)(862,61,35)379.243
(592,479,940)(431,825,988)384.631
(739,650,466)(425,690,689)387.201
(162,817,812)(52,470,668)391.465
(819,987,18)(970,615,88)407.535
(805,96,715)(984,92,344)411.944
(466,668,158)(739,650,466)411.967
(162,817,812)(346,949,466)413.517
(739,650,466)(941,993,340)417.527
(57,618,57)(466,668,158)424.243
(52,470,668)(425,690,689)433.555
(466,668,158)(346,949,466)433.849
(739,650,466)(970,615,88)444.376
(970,615,88)(941,993,340)455.224
(216,146,977)(117,168,530)458.36
(542,29,236)(984,92,344)459.344
(57,618,57)(352,342,300)471.434
(52,470,668)(216,146,977)476.815
(352,342,300)(52,470,668)491.74
(592,479,940)(805,96,715)492.629
(739,650,466)(346,949,466)493.812
(466,668,158)(819,987,18)495.954
(592,479,940)(216,146,977)503.621
(906,360,560)(592,479,940)507.106
(466,668,158)(970,615,88)511.591
(352,342,300)(739,650,466)521.717
(592,479,940)(739,650,466)524.906
(352,342,300)(425,690,689)527.024
(466,668,158)(425,690,689)533.035
(542,29,236)(117,168,530)535.147
(906,360,560)(970,615,88)540.282
(431,825,988)(346,949,466)543.217
(542,29,236)(805,96,715)550.544
(162,817,812)(592,479,940)561.719
(739,650,466)(819,987,18)566.28
(970,615,88)(862,61,35)566.912
(970,615,88)(984,92,344)582.461
(906,360,560)(542,29,236)589.095
(52,470,668)(346,949,466)597.228
(906,360,560)(425,690,689)597.413
(57,618,57)(346,949,466)600.302
(466,668,158)(941,993,340)603.634
(592,479,940)(52,470,668)604.702
(906,360,560)(862,61,35)605.774
(346,949,466)(941,993,340)609.784
(431,825,988)(52,470,668)609.972
(739,650,466)(805,96,715)610.961
(906,360,560)(352,342,300)612.242
(739,650,466)(984,92,344)621.509
(117,168,530)(425,690,689)626.601
(57,618,57)(52,470,668)628.689
(352,342,300)(346,949,466)629.318
(431,825,988)(739,650,466)630.851
(352,342,300)(862,61,35)639.755
(216,146,977)(805,96,715)646.579
(466,668,158)(542,29,236)648.214
(216,146,977)(425,690,689)650.047
(819,987,18)(346,949,466)652.593
(57,618,57)(117,168,530)655.613
(352,342,300)(805,96,715)661.778
(906,360,560)(466,668,158)670.871
(906,360,560)(941,993,340)671.054
(352,342,300)(984,92,344)681.073
(805,96,715)(862,61,35)683.282
(466,668,158)(52,470,668)686.076
(542,29,236)(739,650,466)690.905
(941,993,340)(425,690,689)692.724
(162,817,812)(216,146,977)693.096
(162,817,812)(739,650,466)693.206
(592,479,940)(352,342,300)697.115
(592,479,940)(117,168,530)700.318
(805,96,715)(425,690,689)705.629
(352,342,300)(970,615,88)708.094
(162,817,812)(117,168,530)709.049
(592,479,940)(346,949,466)711.401
(431,825,988)(216,146,977)712.311
(466,668,158)(117,168,530)714.272
(117,168,530)(805,96,715)716.068
(352,342,300)(216,146,977)717.803
(162,817,812)(352,342,300)723.788
(57,618,57)(425,690,689)734.869
(466,668,158)(862,61,35)735.115
(162,817,812)(466,668,158)736.433
(739,650,466)(52,470,668)738.358
(739,650,466)(862,61,35)740.143
(542,29,236)(970,615,88)740.597
(57,618,57)(542,29,236)783.701
(162,817,812)(57,618,57)787.814
(542,29,236)(52,470,668)788.166
(739,650,466)(117,168,530)789.496
(906,360,560)(431,825,988)790.591
(57,618,57)(739,650,466)795.883
(466,668,158)(984,92,344)796.678
(346,949,466)(970,615,88)802.381
(542,29,236)(425,690,689)809.827
(592,479,940)(984,92,344)811.572
(906,360,560)(117,168,530)812.579
(592,479,940)(466,668,158)814.322
(970,615,88)(425,690,689)814.771
(117,168,530)(346,949,466)816.393
(542,29,236)(216,146,977)817.952
(906,360,560)(346,949,466)818.142
(805,96,715)(970,615,88)830.491
(819,987,18)(425,690,689)832.878
(906,360,560)(819,987,18)833.344
(906,360,560)(216,146,977)834.137
(592,479,940)(542,29,236)837.028
(431,825,988)(941,993,340)841.563
(52,470,668)(805,96,715)842.077
(352,342,300)(431,825,988)844.319
(352,342,300)(819,987,18)844.771
(466,668,158)(431,825,988)845.443
(57,618,57)(819,987,18)847.541
(431,825,988)(117,168,530)860.238
(431,825,988)(805,96,715)863.624
(592,479,940)(941,993,340)863.711
(466,668,158)(805,96,715)867.383
(906,360,560)(52,470,668)867.802
(352,342,300)(941,993,340)878.819
(739,650,466)(216,146,977)888.069
(984,92,344)(425,690,689)888.319
(117,168,530)(984,92,344)889.978
(117,168,530)(862,61,35)900.832
(941,993,340)(984,92,344)902.034
(162,817,812)(906,360,560)908.784
(57,618,57)(970,615,88)913.531
(819,987,18)(862,61,35)927.154
(162,817,812)(941,993,340)927.686
(592,479,940)(970,615,88)941.958
(216,146,977)(346,949,466)960.64
(819,987,18)(984,92,344)966.709
(542,29,236)(346,949,466)968.357
(162,817,812)(805,96,715)970.927
(57,618,57)(862,61,35)979.162
(805,96,715)(941,993,340)981.698
(941,993,340)(862,61,35)983.814
(216,146,977)(984,92,344)996.709
(805,96,715)(346,949,466)1000.15
(57,618,57)(941,993,340)1001.08
(466,668,158)(216,146,977)1002.87
(862,61,35)(425,690,689)1007.14
(57,618,57)(906,360,560)1019.99
(542,29,236)(819,987,18)1020.79
(57,618,57)(431,825,988)1024.44
(592,479,940)(862,61,35)1032.79
(57,618,57)(592,479,940)1041.75
(162,817,812)(819,987,18)1044.5
(57,618,57)(216,146,977)1046.17
(162,817,812)(542,29,236)1047.43
(542,29,236)(941,993,340)1048.48
(52,470,668)(984,92,344)1056.64
(431,825,988)(819,987,18)1057.21
(117,168,530)(970,615,88)1059.61
(431,825,988)(970,615,88)1069.87
(346,949,466)(984,92,344)1075.35
(592,479,940)(819,987,18)1076.88
(52,470,668)(941,993,340)1082.33
(52,470,668)(970,615,88)1095.51
(542,29,236)(431,825,988)1100.65
(162,817,812)(970,615,88)1103.56
(57,618,57)(984,92,344)1103.8
(52,470,668)(862,61,35)1106.38
(346,949,466)(862,61,35)1113.8
(431,825,988)(984,92,344)1121.53
(57,618,57)(805,96,715)1124.7
(52,470,668)(819,987,18)1130.52
(819,987,18)(805,96,715)1131.32
(216,146,977)(862,61,35)1145.38
(117,168,530)(941,993,340)1181.4
(162,817,812)(984,92,344)1191.78
(819,987,18)(117,168,530)1194.03
(216,146,977)(970,615,88)1256.5
(216,146,977)(941,993,340)1284.06
(162,817,812)(862,61,35)1290.45
(431,825,988)(862,61,35)1295.25
(216,146,977)(819,987,18)1410.88